100
8 9 9 1 19269
5 5 10 1 24564
7 7 5 8 10061
7 3 7 9 5536
7 7 8 10 392
7 8 5 6 19995
2 1 9 10 1969
2 4 9 7 9994
4 7 5 6 17773
1 5 1 5 6968
5 1 3 10 20137
1 1 6 7 878
7 10 3 5 388
10 9 10 3 22748
1 1 6 8 24470
5 2 4 6 3648
5 6 5 1 18856
4 5 6 5 26408
4 1 8 4 5637
1 3 3 5 16641
4 7 8 2 22804
8 7 7 4 22486
5 2 7 9 6370
10 3 8 4 16612
6 2 9 2 22455
6 5 9 5 12152
4 6 1 10 14066
9 10 7 1 11437
2 1 1 10 15045
10 1 1 10 18688
9 9 6 6 16513
7 9 9 7 1755
8 1 3 1 21648
4 7 4 5 24450
6 3 2 9 4696
8 2 1 1 24584
9 4 9 8 26518
9 3 4 10 567
10 10 8 10 17907
1 10 6 10 9614
9 4 4 5 20700
2 8 8 6 30403
9 8 3 5 15089
10 5 3 2 14443
9 3 10 10 7548
10 5 7 10 19896
3 2 9 8 28109
9 1 5 3 12392
10 1 7 1 8058
9 4 8 5 11611
10 5 6 2 20428
8 6 2 10 28533
4 1 7 8 21981
10 4 6 1 5799
4 8 7 2 5175
9 4 2 4 26969
8 3 3 10 15355
1 8 3 4 10385
6 10 6 8 9932
1 1 9 3 17289
1 1 3 4 21525
6 2 5 5 9612
5 9 4 2 16239
4 10 3 1 12629
10 2 1 2 293
7 8 1 5 16205
2 2 3 5 18214
8 10 2 1 12363
1 1 1 1 1012
6 6 1 1 27856
7 1 7 9 581
8 8 4 1 2261
2 1 8 5 12144
1 2 6 5 20124
7 8 4 2 13286
8 8 5 1 14118
10 5 6 10 10302
6 1 3 8 25924
8 2 7 7 11933
9 7 5 5 8277
8 7 3 6 17292
4 1 10 8 7727
6 7 2 7 1643
10 1 8 4 14281
5 9 4 5 22825
7 1 10 7 31386
7 2 3 1 22513
9 3 9 4 30933
10 9 9 3 7385
10 8 10 1 21724
2 2 1 2 22758
1 2 4 3 22693
3 8 6 7 21219
8 6 3 7 2026
1 5 6 9 9676
10 9 10 3 5209
6 3 8 1 29677
9 7 8 8 32028
2 8 5 2 223
1 8 6 9 32625
